[gd_scene load_steps=31 format=3 uid="uid://cx31e8ojfteo7"]

[ext_resource type="PackedScene" uid="uid://qa8bdlgk3bij" path="res://scenes/GUI/HUD.tscn" id="1_45i86"]
[ext_resource type="PackedScene" uid="uid://6yf11rk4crfw" path="res://scenes/levels/LevelScene.tscn" id="1_r7sob"]
[ext_resource type="Script" uid="uid://ddngn7t0yxjen" path="res://scripts/data_wrappers/AccountWrapper.cs" id="1_y5y3l"]
[ext_resource type="Script" uid="uid://dqkqgsh2y0kpo" path="res://scripts/Global.cs" id="2_bneo8"]
[ext_resource type="Script" uid="uid://bi7khum6bi5qa" path="res://scripts/InputMaster.cs" id="2_y5y3l"]
[ext_resource type="PackedScene" uid="uid://d12q15tlutwf3" path="res://scenes/ObjectPlacer.tscn" id="3_bneo8"]
[ext_resource type="Script" uid="uid://bb2bogqswcxy" path="res://scripts/CameraMaster.cs" id="3_vjgi4"]
[ext_resource type="Script" uid="uid://cxel1rqht611w" path="res://scripts/PickupController.cs" id="4_kyk2p"]
[ext_resource type="Script" uid="uid://bgxuknd15xwjh" path="res://scripts/PlayerController.cs" id="5_45i86"]
[ext_resource type="Resource" uid="uid://yntdv36d38a0" path="res://data/SaveData.tres" id="5_sv1m6"]
[ext_resource type="ArrayMesh" uid="uid://8j8nr1n1bflf" path="res://assets/packs/kenney_animated-characters-2/Model/characterMedium.res" id="7_a8wo8"]
[ext_resource type="AnimationLibrary" uid="uid://cjhx1mppa0etn" path="res://assets/animation/Anim_char.res" id="8_attvq"]
[ext_resource type="PackedScene" uid="uid://ra8rc6ck5udh" path="res://scenes/world_objects/dropped_item.tscn" id="9_bneo8"]
[ext_resource type="Script" uid="uid://dd8epu7rhwx7p" path="res://data_templates/ItemCountData.cs" id="10_ocgqw"]
[ext_resource type="Resource" uid="uid://dqru0nhmdqovd" path="res://data/items/Bread.tres" id="11_jbgew"]
[ext_resource type="Resource" uid="uid://cy3rb6gnmpuvl" path="res://data/items/Soda.tres" id="12_a85ww"]
[ext_resource type="Script" uid="uid://dvfxsch5jk0q8" path="res://data_templates/ItemsBoxData.cs" id="13_jhsr3"]
[ext_resource type="PackedScene" uid="uid://ca5shgyut3o7" path="res://scenes/items/box_open.tscn" id="14_0bq3a"]
[ext_resource type="PackedScene" uid="uid://c8ey84heour7x" path="res://scenes/furniture/shelf.tscn" id="15_754j2"]
[ext_resource type="Texture2D" uid="uid://busibgl4gn6nu" path="res://assets/packs/kenney_animated-characters-2/Skins/skaterMaleA.png" id="15_bneo8"]

[sub_resource type="ProceduralSkyMaterial" id="ProceduralSkyMaterial_7s5hy"]
sky_horizon_color = Color(0.66224277, 0.6717428, 0.6867428, 1)
ground_horizon_color = Color(0.66224277, 0.6717428, 0.6867428, 1)

[sub_resource type="Sky" id="Sky_xs4ih"]
sky_material = SubResource("ProceduralSkyMaterial_7s5hy")

[sub_resource type="Environment" id="Environment_6ytau"]
background_mode = 2
sky = SubResource("Sky_xs4ih")
tonemap_mode = 3
glow_enabled = true
fog_enabled = true
fog_mode = 1
fog_density = 0.4294
fog_depth_curve = 0.5176333

[sub_resource type="CapsuleShape3D" id="CapsuleShape3D_vh257"]
radius = 0.25927734
height = 1.541748

[sub_resource type="StandardMaterial3D" id="StandardMaterial3D_vijgj"]
albedo_texture = ExtResource("15_bneo8")

[sub_resource type="Skin" id="Skin_0xwob"]
resource_name = "Skin"
bind_count = 45
bind/0/name = &"LeftFootCtrl"
bind/0/bone = -1
bind/0/pose = Transform3D(-4.0133932e-07, 1.0000001, -1.382371e-07, -1.9027805e-08, -1.3823713e-07, -1.0000001, -1.0000001, -4.0133932e-07, 5.5479974e-14, -0.0014880985, 0.0019320482, 0.0030285507)
bind/1/name = &"LeftHeelRoll"
bind/1/bone = -1
bind/1/pose = Transform3D(-0.9994962, -0.0005358494, 0.031727962, 0.00050712435, -0.9999992, -0.00091556105, 0.03172845, -0.00089900993, 0.99949604, 0.003246273, 0.0021950975, -0.00023413966)
bind/2/name = &"LeftToeRoll"
bind/2/bone = -1
bind/2/pose = Transform3D(0.9789508, 0.20410563, -5.76314e-09, -0.2041057, 0.97894895, 1.5858312e-08, -1.07832e-07, -2.3374245e-08, 1.0000001, -0.0032867452, 0.0015765885, -0.00013154853)
bind/3/name = &"LeftFootIK"
bind/3/bone = -1
bind/3/pose = Transform3D(0.9849808, 0.11463639, 0.12913091, 0.16955459, -0.7836095, -0.5976681, 0.032674026, 0.6105853, -0.79127604, -0.0034031419, 0.0018073077, 0.0005212169)
bind/4/name = &"LeftFootRollCtrl"
bind/4/bone = -1
bind/4/pose = Transform3D(1, 2.8421701e-14, -4.4410625e-14, -1.7413704e-08, 1.0000001, -2.400326e-07, 1.9027887e-08, 2.4003262e-07, 1.0000001, -0.0030285502, -0.0014880997, -0.0019320489)
bind/5/name = &"LeftKneeCtrl"
bind/5/bone = -1
bind/5/pose = Transform3D(1.0000001, -3.1786506e-08, 1.7696517e-07, -1.5793735e-07, -3.8728114e-08, 1.0000001, -3.1786502e-08, -1.0000001, -3.872814e-08, -0.0027696842, -0.0077990545, -0.004691477)
bind/6/name = &"RightFootCtrl"
bind/6/bone = -1
bind/6/pose = Transform3D(-4.0133932e-07, 1.0000001, -1.382371e-07, -1.9027805e-08, -1.3823713e-07, -1.0000001, -1.0000001, -4.0133932e-07, 5.5479974e-14, -0.0014881011, 0.0019320482, -0.0030237257)
bind/7/name = &"RightHeelRoll"
bind/7/bone = -1
bind/7/pose = Transform3D(-0.9995063, 0.0004780411, 0.031418893, -0.00050698756, -0.99999934, -0.00091556105, 0.031418454, -0.0009310382, 0.9995058, -0.0032497577, 0.0021951003, -2.8934335e-05)
bind/8/name = &"RightToeRoll"
bind/8/bone = -1
bind/8/pose = Transform3D(0.9789553, -0.2041066, -3.615747e-09, 0.20410655, 0.97894865, -3.0530913e-08, -3.3137337e-07, 6.920838e-08, 1.0000001, 0.003282038, 0.0015756063, -0.00013154995)
bind/9/name = &"RightFootIK"
bind/9/bone = -1
bind/9/pose = Transform3D(0.98498535, -0.15484986, -0.07640799, -0.16955517, -0.78360933, -0.5976684, 0.032674484, 0.601646, -0.7980946, 0.0033563825, 0.0018081246, 0.0007454466)
bind/10/name = &"RightFootRollCtrl"
bind/10/bone = -1
bind/10/pose = Transform3D(1, 2.8421701e-14, -4.4410625e-14, -1.7413704e-08, 1.0000001, -2.400326e-07, 1.9027887e-08, 2.4003262e-07, 1.0000001, 0.0030237266, -0.0014880997, -0.0019320489)
bind/11/name = &"RightKneeCtrl"
bind/11/bone = -1
bind/11/pose = Transform3D(1.0000001, -3.1786506e-08, 1.7696517e-07, -1.5793735e-07, -3.8728114e-08, 1.0000001, -3.1786502e-08, -1.0000001, -3.872814e-08, 0.0027317405, -0.0077990554, -0.004691477)
bind/12/name = &"HipsCtrl"
bind/12/bone = -1
bind/12/pose = Transform3D(-0.99999577, -0.00018603016, -0.0028861407, 0.00288614, 4.0978261e-07, -0.9999956, 0.00018602952, -0.9999999, 2.6499143e-07, 4.2852014e-05, 0.01564166, -0.00031240628)
bind/13/name = &"Hips"
bind/13/bone = -1
bind/13/pose = Transform3D(0.99999595, 2.0030188e-12, -2.820337e-10, -1.0733812e-08, 9.206145e-07, 0.99999976, -3.066013e-10, -1.0000001, 4.9587345e-10, -2.4118845e-06, -0.012422209, -0.00031240206)
bind/14/name = &"Spine"
bind/14/bone = -1
bind/14/pose = Transform3D(0.99999595, -2.230643e-08, -1.9740089e-08, 1.1645677e-08, 0.12185841, 0.9925475, -2.135192e-08, -0.9925475, 0.12185746, -2.4115925e-06, -0.015487089, -0.0022161352)
bind/15/name = &"Chest"
bind/15/bone = -1
bind/15/pose = Transform3D(0.99999595, 7.678228e-13, 6.9531945e-12, -1.0707866e-08, 0.09821361, 0.99516547, -1.3630591e-09, -0.9951654, 0.098212644, -2.411958e-06, -0.0184051, -0.0017788255)
bind/16/name = &"UpperChest"
bind/16/bone = -1
bind/16/pose = Transform3D(0.99999595, 3.5030354e-18, 6.9533736e-12, -1.07899645e-08, 9.4622357e-07, 0.99999976, -3.0558645e-10, -1.0000001, 7.450579e-09, -2.411958e-06, -0.021528823, 0.00033720848)
bind/17/name = &"Neck"
bind/17/bone = -1
bind/17/pose = Transform3D(0.99999595, 4.8703757e-14, -3.1505465e-13, -1.0702788e-08, -0.15278015, 0.9882598, 1.3454414e-09, -0.98826027, -0.15278104, -2.4119577e-06, -0.023901397, 0.004036276)
bind/18/name = &"Head"
bind/18/bone = -1
bind/18/pose = Transform3D(0.99999595, 1.5681169e-15, -3.152896e-13, -1.0784083e-08, -0.0049741264, 0.9999875, -2.519364e-10, -0.99998766, -0.004975065, -2.411958e-06, -0.026985021, 4.67159e-05)
bind/19/name = &"LeftShoulder"
bind/19/bone = -1
bind/19/pose = Transform3D(0.061473228, -0.99807113, 0.008687439, 0.9553295, 0.056315772, -0.29011533, 0.2890653, 0.026134713, 0.95695204, -0.0005776658, 0.006233224, -0.023539595)
bind/20/name = &"LeftArm"
bind/20/bone = -1
bind/20/pose = Transform3D(-0.08858771, 0.0039355257, -0.9960605, 0.99572295, 0.026536107, -0.088453546, 0.026083237, -0.9996403, -0.00627041, 0.023793997, -0.001252343, -0.000106262334)
bind/21/name = &"LeftForeArm"
bind/21/bone = -1
bind/21/pose = Transform3D(-0.077192284, 0.028852416, -0.9965984, 0.994609, -0.067134984, -0.07898253, -0.0691853, -0.9973268, -0.02351556, 0.02371582, -0.0061745048, 0.001059909)
bind/22/name = &"LeftHand"
bind/22/bone = -1
bind/22/pose = Transform3D(0.0054610614, 0.9967791, 0.08001417, 0.9976755, 1.1291468e-07, -0.06809394, -0.06787424, 0.08019942, -0.99446505, -0.001498964, -0.011708749, 0.023563765)
bind/23/name = &"LeftHandIndex1"
bind/23/bone = -1
bind/23/pose = Transform3D(-0.013546128, 0.99718523, -0.073745325, 0.98354137, 9.155245e-09, -0.18066525, -0.18015592, -0.07498005, -0.9807762, 0.0022645069, -0.010336326, 0.02483954)
bind/24/name = &"LeftHandIndex2"
bind/24/bone = -1
bind/24/pose = Transform3D(0.020034594, 0.9982404, 0.05581998, 0.94120914, -1.9073437e-07, -0.33781597, -0.33722013, 0.05930567, -0.93955564, -0.0011747828, -0.0072672116, 0.026445685)
bind/25/name = &"LeftHandIndex3"
bind/25/bone = -1
bind/25/pose = Transform3D(-0.000690491, 0.99999887, -0.0016036951, 0.9184778, -2.4685787e-07, -0.3954653, -0.39546332, -0.0017468745, -0.9184796, 0.0004427075, -0.006633141, 0.02693064)
bind/26/name = &"LeftHandThumb1"
bind/26/bone = -1
bind/26/pose = Transform3D(0.12228164, -0.27298236, 0.9542156, 0.35508972, -0.88575846, -0.29890352, 0.92679656, 0.37538403, -0.011378542, -0.023579378, 0.0009470655, -0.012133702)
bind/27/name = &"LeftHandThumb2"
bind/27/bone = -1
bind/27/pose = Transform3D(0.14900206, -0.26436836, 0.95284164, 0.6899047, -0.66252315, -0.291705, 0.7083948, 0.7008373, 0.083672516, -0.023910226, -0.004573983, -0.010516937)
bind/28/name = &"RightShoulder"
bind/28/bone = -1
bind/28/pose = Transform3D(0.061473686, -0.9223353, -0.38146967, -0.95532936, 0.05631571, -0.29011524, 0.28906512, 0.38226444, -0.87767506, 0.009050818, 0.0062378305, 0.021736212)
bind/29/name = &"RightArm"
bind/29/bone = -1
bind/29/pose = Transform3D(0.034157578, 0.9957267, -0.085797526, -0.9957231, 0.026536081, -0.088453054, -0.08579801, 0.08845317, 0.9923781, 0.0023043302, -0.0012475534, -0.023681954)
bind/30/name = &"RightForeArm"
bind/30/bone = -1
bind/30/pose = Transform3D(-0.060447555, 0.99461275, -0.08421049, -0.9946093, -0.06713495, -0.07898296, -0.084210575, 0.078983486, 0.99331254, 0.0015068393, -0.006169698, -0.023691235)
bind/31/name = &"RightHand"
bind/31/bone = -1
bind/31/pose = Transform3D(0.005460954, 0.996779, -0.08001111, -0.9976755, 6.904576e-08, -0.06809391, -0.06787427, 0.08019826, 0.99446523, 0.0022876875, -0.0117039345, -0.023499975)
bind/32/name = &"RightHandIndex1"
bind/32/bone = -1
bind/32/pose = Transform3D(-0.01354602, 0.99718505, 0.07374555, -0.9835412, -1.5258729e-09, -0.18066496, -0.18015571, -0.074978344, 0.98077583, -0.0014753033, -0.010331584, -0.024897998)
bind/33/name = &"RightHandIndex2"
bind/33/bone = -1
bind/33/pose = Transform3D(0.020033782, 0.99824, -0.055818114, -0.9412098, -2.3651037e-07, -0.33781362, -0.33721787, 0.05930545, 0.9395564, 0.001964609, -0.007262733, -0.026397107)
bind/34/name = &"RightHandIndex3"
bind/34/bone = -1
bind/34/pose = Transform3D(-0.00069032813, 0.9999984, 0.0016033091, -0.91847694, -2.9849892e-07, -0.39546704, -0.395465, -0.0017446213, 0.9184784, 0.0003486757, -0.0066286586, -0.026930118)
bind/35/name = &"RightHandThumb1"
bind/35/bone = -1
bind/35/pose = Transform3D(0.122278385, -0.3610012, 0.9245133, -0.35509074, -0.8857579, -0.29890323, 0.92679644, -0.29173806, -0.23649827, -0.019626057, 0.0009487582, 0.017829604)
bind/36/name = &"RightHandThumb2"
bind/36/bone = -1
bind/36/pose = Transform3D(0.09744238, -0.48428947, 0.86946386, -0.6899047, -0.662523, -0.29170486, 0.71730703, -0.57142526, -0.39867318, -0.018992877, -0.0045706583, 0.017929548)
bind/37/name = &"LeftUpLeg"
bind/37/bone = -1
bind/37/pose = Transform3D(0.9894588, 0.039550915, 0.1391578, 0.13767995, 0.038019594, -0.98974586, -0.044427447, 0.9984929, 0.032176998, -0.0037940901, 0.01260755, -1.6947486e-05)
bind/38/name = &"LeftLeg"
bind/38/bone = -1
bind/38/pose = Transform3D(0.99887156, -0.011986165, 0.045492277, 0.047050867, 0.26287794, -0.9636796, -0.00040211863, 0.9647535, 0.26315314, -0.0030951893, 0.0074162977, -0.0019428555)
bind/39/name = &"LeftFoot"
bind/39/bone = -1
bind/39/pose = Transform3D(0.9849594, 0.11463511, 0.12912655, 0.16954508, -0.78360903, -0.5976704, 0.032680407, 0.610585, -0.7912737, -0.0034030657, 0.0018073377, 0.00052118883)
bind/40/name = &"LeftToes"
bind/40/bone = -1
bind/40/pose = Transform3D(-0.9927836, -0.11975536, 5.2760624e-05, 0.119649366, -0.9920251, -0.03957732, 0.004784707, -0.039283745, 0.99921525, 0.0034092986, -0.0012838722, -0.00018265136)
bind/41/name = &"RightUpLeg"
bind/41/bone = -1
bind/41/pose = Transform3D(0.98947984, 0.05011431, -0.13571626, -0.13767686, 0.03802041, -0.98974675, -0.044437807, 0.99802, 0.044520415, 0.003772608, 0.012608234, -0.00035673415)
bind/42/name = &"RightLeg"
bind/42/bone = -1
bind/42/pose = Transform3D(0.99889284, 0.012776151, -0.045277823, -0.047041696, 0.26288003, -0.96368074, -0.00040729233, 0.96474457, 0.26319012, 0.003088845, 0.007416561, -0.0019453636)
bind/43/name = &"RightFoot"
bind/43/bone = -1
bind/43/pose = Transform3D(0.9849787, -0.15484837, -0.07640804, -0.16955532, -0.7836105, -0.5976677, 0.032676764, 0.6016456, -0.7980946, 0.0033563597, 0.0018081227, 0.00074545114)
bind/44/name = &"RightToes"
bind/44/bone = -1
bind/44/pose = Transform3D(-0.99280274, 0.11937319, 0.009585102, -0.11966439, -0.992026, -0.039573982, 0.004782783, -0.040435933, 0.99917066, -0.003406178, -0.0012833491, -0.00014981334)

[sub_resource type="CapsuleShape3D" id="CapsuleShape3D_bneo8"]
radius = 0.31396484
height = 1.7749023

[sub_resource type="Resource" id="Resource_21xg8"]
script = ExtResource("10_ocgqw")
item = ExtResource("11_jbgew")
count = 3
metadata/_custom_type_script = "uid://dd8epu7rhwx7p"

[sub_resource type="Resource" id="Resource_icif4"]
script = ExtResource("10_ocgqw")
item = ExtResource("12_a85ww")
count = 3
metadata/_custom_type_script = "uid://dd8epu7rhwx7p"

[sub_resource type="Resource" id="Resource_kxqg4"]
script = ExtResource("13_jhsr3")
content = Array[ExtResource("10_ocgqw")]([SubResource("Resource_21xg8"), SubResource("Resource_icif4")])
subScene = ExtResource("14_0bq3a")
metadata/_custom_type_script = "uid://dvfxsch5jk0q8"

[node name="Game" type="Node3D"]

[node name="HUD" parent="." instance=ExtResource("1_45i86")]

[node name="ENV" type="Node" parent="."]

[node name="WorldEnvironment" type="WorldEnvironment" parent="ENV"]
environment = SubResource("Environment_6ytau")

[node name="DirectionalLight3D" type="DirectionalLight3D" parent="ENV"]
transform = Transform3D(-0.8660254, -0.43301278, 0.25, 0, 0.49999997, 0.86602545, -0.50000006, 0.75, -0.43301266, 0, 0, 0)
shadow_enabled = true

[node name="Global" type="Node" parent="."]
script = ExtResource("2_bneo8")
objectPlacer = ExtResource("3_bneo8")

[node name="AccountWrapper" type="Node" parent="."]
script = ExtResource("1_y5y3l")
_accountData = ExtResource("5_sv1m6")

[node name="InputMaster" type="Node" parent="."]
script = ExtResource("2_y5y3l")

[node name="CameraMaster" type="Node" parent="." node_paths=PackedStringArray("_mainCamera", "_cameraDolly")]
script = ExtResource("3_vjgi4")
_mainCamera = NodePath("Dolly/Camera3D")
_cameraDolly = NodePath("Dolly")

[node name="Dolly" type="Node3D" parent="CameraMaster"]
transform = Transform3D(0.7071067, -0.5416752, 0.45451948, 0, 0.64278764, 0.76604444, -0.7071067, -0.5416752, 0.45451948, -0.30734158, 0, -0.07539177)

[node name="Camera3D" type="Camera3D" parent="CameraMaster/Dolly"]
transform = Transform3D(0.99999994, 0, 0, 0, 1, 0, 0, 0, 0.99999994, 0, 0, 5.5)

[node name="LevelScene" parent="." instance=ExtResource("1_r7sob")]

[node name="Character" type="CharacterBody3D" parent="." groups=["Player"]]
transform = Transform3D(1, 0, 0, 0, 1, 0, 0, 0, 1, 0, 1.0086309, 0)

[node name="PickupController" type="Node" parent="Character" node_paths=PackedStringArray("_pickupArea", "_itemVisualHolder")]
script = ExtResource("4_kyk2p")
_pickupArea = NodePath("../Area3D")
_itemVisualHolder = NodePath("../Picked Item Holder")

[node name="PlayerController" type="Node" parent="Character" node_paths=PackedStringArray("_animPlayer")]
script = ExtResource("5_45i86")
_maxWalkVelocity = 5.0
_animPlayer = NodePath("../Root/AnimationPlayer")

[node name="CollisionShape3D" type="CollisionShape3D" parent="Character"]
transform = Transform3D(1, 0, 0, 0, 1, 0, 0, 0, 1, 0, -0.22912598, 0)
shape = SubResource("CapsuleShape3D_vh257")

[node name="Root" type="Node3D" parent="Character"]
transform = Transform3D(50, 0, 0, 0, -2.1855694e-06, 50, 0, -50, -2.1855694e-06, 0, -1, 0)

[node name="Skeleton3D" type="Skeleton3D" parent="Character/Root"]
bones/0/name = "LeftFootCtrl"
bones/0/parent = -1
bones/0/rest = Transform3D(-3.5762787e-07, -2.980232e-08, -0.99999994, 1, 0, -3.874302e-07, -5.9604645e-08, -0.99999994, 5.9604645e-08, 0.002042088, 0.0014880997, 0.0019320479)
bones/0/enabled = true
bones/0/position = Vector3(0.002042088, 0.0014880997, 0.0019320479)
bones/0/rotation = Quaternion(-0.42838848, -0.5625685, 0.56256855, 0.42838845)
bones/0/scale = Vector3(1, 0.99999994, 0.99999994)
bones/1/name = "LeftHeelRoll"
bones/1/parent = 0
bones/1/rest = Transform3D(-0.0005354882, -0.9999995, -0.000899166, -0.031728003, 0.0009157659, -0.9994962, 0.99949646, -0.00050666934, -0.03172851, 0.0007085259, 0.0017990142, -0.0002224042)
bones/1/enabled = true
bones/1/position = Vector3(0.0007085253, 0.0017990144, -0.00022240428)
bones/1/rotation = Quaternion(-0.5075123, 0.5082279, -0.49190673, -0.49210116)
bones/1/scale = Vector3(1, 1, 1.0000001)
bones/2/name = "LeftToeRoll"
bones/2/parent = 1
bones/2/rest = Transform3D(-0.97856337, 0.20347802, 0.031728014, -0.20360853, -0.97905153, -0.0009155454, 0.030877022, -0.007356027, 0.999496, -0.00028664264, 0.0030693284, 1.0425138e-05)
bones/2/enabled = true
bones/2/position = Vector3(-0.00028664237, 0.0030693286, 1.0425295e-05)
bones/2/rotation = Quaternion(0.015735852, -0.0020787562, 0.99462473, -0.10232155)
bones/2/scale = Vector3(0.99999815, 0.9999999, 0.99999994)
bones/3/name = "LeftFootIK"
bones/3/parent = 2
bones/3/rest = Transform3D(0.98764205, 0.0060460614, 0.1566098, -0.08881658, -0.801721, 0.591063, 0.12913091, -0.5976683, -0.79127634, -1.8213861e-05, 0.0024152177, 0.0018004995)
bones/3/enabled = true
bones/3/position = Vector3(-1.821423e-05, 0.0024152177, 0.0018004995)
bones/3/rotation = Quaternion(0.9461289, -0.02187083, 0.07550264, -0.31410378)
bones/3/scale = Vector3(1, 1.0000001, 1.0000002)
bones/4/name = "LeftFootIK_end"
bones/4/parent = 3
bones/4/rest = Transform3D(1, 0, 0, 0, 1, 0, 0, 0, 1, 0, 0.0030125424, 0)
bones/4/enabled = true
bones/4/position = Vector3(0, 0.0030125424, 0)
bones/4/rotation = Quaternion(0, 0, 0, 1)
bones/4/scale = Vector3(1, 1, 1)
bones/5/name = "LeftFootRollCtrl"
bones/5/parent = 0
bones/5/rest = Transform3D(-3.5762787e-07, 0.99999994, 5.9604645e-08, 2.9802322e-08, 1.1920928e-07, -1, -0.99999994, -3.8743016e-07, 0, -7.93636e-17, -5.722046e-10, -4.3368087e-19)
bones/5/enabled = true
bones/5/position = Vector3(1.05442106e-10, -5.425903e-10, -1.1862861e-12)
bones/5/rotation = Quaternion(0.6529037, 0.27150866, -0.6529034, 0.27150872)
bones/5/scale = Vector3(0.99999994, 0.99999994, 1)
bones/6/name = "LeftFootRollCtrl_end"
bones/6/parent = 5
bones/6/rest = Transform3D(1, 0, 0, 0, 1, 0, 0, 0, 1, 0, 0.0029276665, 0)
bones/6/enabled = true
bones/6/position = Vector3(0, 0.0029276665, 0)
bones/6/rotation = Quaternion(0, 0, 0, 1)
bones/6/scale = Vector3(1, 1, 1)
bones/7/name = "LeftKneeCtrl"
bones/7/parent = 0
bones/7/rest = Transform3D(-4.7683716e-07, -1.7696516e-07, -1, -1.7696516e-07, -1, 1.7696523e-07, -1, 1.7696523e-07, 3.5762787e-07, -0.006179578, -0.005867006, 0.0002588703)
bones/7/enabled = true
bones/7/position = Vector3(-0.006179578, -0.005867006, 0.0002588703)
bones/7/rotation = Quaternion(-0.70710695, 9.415693e-08, 0.7071066, 9.4157e-08)
bones/7/scale = Vector3(0.99999994, 1, 0.99999994)
bones/8/name = "LeftKneeCtrl_end"
bones/8/parent = 7
bones/8/rest = Transform3D(1, 0, 0, 0, 1, 0, 0, 0, 1, 0, 0.0033681572, 0)
bones/8/enabled = true
bones/8/position = Vector3(0, 0.0033681572, 0)
bones/8/rotation = Quaternion(0, 0, 0, 1)
bones/8/scale = Vector3(1, 1, 1)
bones/9/name = "RightFootCtrl"
bones/9/parent = -1
bones/9/rest = Transform3D(-3.5762787e-07, -2.980232e-08, -0.99999994, 1, 0, -3.874302e-07, -5.9604645e-08, -0.99999994, 5.9604645e-08, -0.0020752049, 0.0014881003, 0.0019320479)
bones/9/enabled = true
bones/9/position = Vector3(-0.0020752049, -0.00030460698, 0.0019320479)
bones/9/rotation = Quaternion(-0.52762604, -0.47075555, 0.47075567, 0.527626)
bones/9/scale = Vector3(1, 0.99999994, 0.99999994)
bones/10/name = "RightHeelRoll"
bones/10/parent = 9
bones/10/rest = Transform3D(0.00047832725, -0.9999996, -0.0009312928, -0.031418975, 0.0009157659, -0.9995059, 0.9995062, 0.0005073548, -0.031418562, 0.0007085261, 0.0017990143, 0.0002224042)
bones/10/enabled = true
bones/10/position = Vector3(0.00070852565, 0.0017990144, 0.00022240402)
bones/10/rotation = Quaternion(-0.50768566, 0.5079021, -0.49172792, -0.49243724)
bones/10/scale = Vector3(0.9999999, 1, 1)
bones/11/name = "RightToeRoll"
bones/11/parent = 10
bones/11/rest = Transform3D(-0.9785566, -0.20353717, 0.031419054, 0.20360813, -0.97905177, -0.0009156006, 0.03094704, 0.0055012438, 0.9995058, 0.00028672838, 0.0030693284, -7.687091e-06)
bones/11/enabled = true
bones/11/position = Vector3(0.00028672884, 0.0030693286, -7.687029e-06)
bones/11/rotation = Quaternion(0.046575863, 0.3084514, 0.9455886, 0.092470236)
bones/11/scale = Vector3(0.9999933, 0.9999999, 1)
bones/12/name = "RightFootIK"
bones/12/parent = 11
bones/12/rest = Transform3D(0.9958497, -0.0060461513, -0.09081291, 0.049450614, -0.8017207, 0.5956496, -0.076408, -0.59766823, -0.7980942, 1.8213665e-05, 0.0024152172, 0.0018004997)
bones/12/enabled = true
bones/12/position = Vector3(1.8214083e-05, 0.0024152175, 0.0018004995)
bones/12/rotation = Quaternion(0.9481119, 0.011444972, -0.0440931, -0.31465632)
bones/12/scale = Vector3(1.0000001, 0.9999998, 0.99999976)
bones/13/name = "RightFootIK_end"
bones/13/parent = 12
bones/13/rest = Transform3D(1, 0, 0, 0, 1, 0, 0, 0, 1, 0, 0.0030125426, 0)
bones/13/enabled = true
bones/13/position = Vector3(0, 0.0030125426, 0)
bones/13/rotation = Quaternion(0, 0, 0, 1)
bones/13/scale = Vector3(1, 1, 1)
bones/14/name = "RightFootRollCtrl"
bones/14/parent = 9
bones/14/rest = Transform3D(-3.5762787e-07, 0.99999994, 5.9604645e-08, 2.9802322e-08, 1.1920928e-07, -1, -0.99999994, -3.8743016e-07, 0, -7.93636e-17, -5.722046e-10, -8.6736174e-19)
bones/14/enabled = true
bones/14/position = Vector3(-3.0266012e-11, -4.6424734e-10, -1.1864992e-12)
bones/14/rotation = Quaternion(0.63003534, 0.3210227, -0.6300351, 0.3210228)
bones/14/scale = Vector3(0.99999994, 0.99999994, 1)
bones/15/name = "RightFootRollCtrl_end"
bones/15/parent = 14
bones/15/rest = Transform3D(1, 0, 0, 0, 1, 0, 0, 0, 1, 0, 0.0029276665, 0)
bones/15/enabled = true
bones/15/position = Vector3(0, 0.0029276665, 0)
bones/15/rotation = Quaternion(0, 0, 0, 1)
bones/15/scale = Vector3(1, 1, 1)
bones/16/name = "RightKneeCtrl"
bones/16/parent = 9
bones/16/rest = Transform3D(-4.7683716e-07, -1.7696516e-07, -1, -1.7696516e-07, -1, 1.7696523e-07, -1, 1.7696523e-07, 3.5762787e-07, -0.0061795786, -0.005867006, -0.00029198208)
bones/16/enabled = true
bones/16/position = Vector3(-0.0061795786, -0.005867006, -0.00029198208)
bones/16/rotation = Quaternion(-0.70710695, 9.415693e-08, 0.7071066, 9.4157e-08)
bones/16/scale = Vector3(0.99999994, 1, 0.99999994)
bones/17/name = "RightKneeCtrl_end"
bones/17/parent = 16
bones/17/rest = Transform3D(1, 0, 0, 0, 1, 0, 0, 0, 1, 0, 0.0033681572, 0)
bones/17/enabled = true
bones/17/position = Vector3(0, 0.0033681572, 0)
bones/17/rotation = Quaternion(0, 0, 0, 1)
bones/17/scale = Vector3(1, 1, 1)
bones/18/name = "HipsCtrl"
bones/18/parent = -1
bones/18/rest = Transform3D(-0.99999565, 0.0028862043, 0.00018603064, -0.00018602992, 5.364419e-07, -0.99999994, -0.0028862034, -0.999996, 5.9604645e-08, -2.2340876e-06, -0.00031240255, 0.015641721)
bones/18/enabled = true
bones/18/position = Vector3(-4.991548e-07, -0.0010399983, 0.014820565)
bones/18/rotation = Quaternion(0.00095465645, 0.7071062, -0.70710593, 0.0010861999)
bones/18/scale = Vector3(0.9999998, 1.0000001, 0.99999994)
bones/19/name = "Hips"
bones/19/parent = 18
bones/19/rest = Transform3D(-1, -0.0028861356, 0.00018602789, 0.0028861472, -0.99999595, -8.0140137e-07, 0.00018603021, -2.6449632e-07, 0.9999999, 4.645995e-06, 0.00321951, -4.656895e-10)
bones/19/enabled = true
bones/19/position = Vector3(4.645995e-06, 0.00321951, -4.656895e-10)
bones/19/rotation = Quaternion(5.2898486e-05, -0.027772393, 0.9996133, 0.0014451931)
bones/19/scale = Vector3(1.0000042, 1.0000001, 0.9999999)
bones/20/name = "Spine"
bones/20/parent = 19
bones/20/rest = Transform3D(1, 2.2147818e-08, -1.9762426e-08, -1.9574568e-08, 0.9925476, 0.12185751, 2.2314026e-08, -0.12185749, 0.99254775, 5.0524285e-12, 0.0032195144, 4.928019e-11)
bones/20/enabled = true
bones/20/position = Vector3(-5.0465332e-14, 0.003219516, 7.755615e-12)
bones/20/rotation = Quaternion(-0.004366473, -1.022809e-08, -1.0999059e-08, 0.9999905)
bones/20/scale = Vector3(1.000004, 0.99999994, 1.0000002)
bones/21/name = "Chest"
bones/21/parent = 20
bones/21/rest = Transform3D(1, -2.1842416e-08, 2.0259918e-08, 2.2318176e-08, 0.9997168, -0.023787595, -1.9734609e-08, 0.023787592, 0.999717, 3.078437e-14, 0.0028704868, 2.1113714e-10)
bones/21/enabled = true
bones/21/position = Vector3(1.3624498e-13, 0.0028704882, 2.560622e-10)
bones/21/rotation = Quaternion(0.06234841, -0.044852853, -0.0028048106, 0.9970421)
bones/21/scale = Vector3(1, 0.9999998, 0.99999994)
bones/22/name = "UpperChest"
bones/22/parent = 21
bones/22/rest = Transform3D(1, 4.0905603e-16, -7.663624e-13, -7.5673564e-14, 0.9951657, -0.09821265, 7.6261724e-13, 0.098212674, 0.99516547, -1.649097e-13, 0.0030527657, -4.7738447e-10)
bones/22/enabled = true
bones/22/position = Vector3(4.399772e-15, 0.003052766, -2.607736e-10)
bones/22/rotation = Quaternion(0.09409423, -3.9099857e-09, -2.640992e-10, 0.9955634)
bones/22/scale = Vector3(1, 1.0000001, 1)
bones/23/name = "Neck"
bones/23/parent = 22
bones/23/rest = Transform3D(1, 7.1903247e-12, -1.0623262e-12, -7.268214e-12, 0.98826003, -0.15278108, -4.8690923e-14, 0.15278108, 0.98826003, 1.8834203e-14, 0.002708642, 9.170653e-11)
bones/23/enabled = true
bones/23/position = Vector3(2.297077e-14, 0.002708645, -4.2935017e-11)
bones/23/rotation = Quaternion(0.076615736, -2.6854465e-09, 1.0508269e-09, 0.9970607)
bones/23/scale = Vector3(1, 0.99999994, 0.9999999)
bones/24/name = "Head"
bones/24/parent = 23
bones/24/rest = Transform3D(1, -1.1590628e-16, -4.7113592e-14, 7.0809676e-15, 0.9890079, 0.14786252, 4.6578582e-14, -0.14786252, 0.9890079, 1.8537748e-13, 0.0027800906, 2.6110505e-10)
bones/24/enabled = true
bones/24/position = Vector3(1.3696619e-13, 0.0027800926, -1.3969514e-10)
bones/24/rotation = Quaternion(-0.10883054, 0.0437293, -0.010363145, 0.99304396)
bones/24/scale = Vector3(1.000004, 0.9999999, 1)
bones/25/name = "Head_end"
bones/25/parent = 24
bones/25/rest = Transform3D(1, 0, 0, 0, 1, 0, 0, 0, 1, 0, 0.010044101, 0)
bones/25/enabled = true
bones/25/position = Vector3(0, 0.010044101, 0)
bones/25/rotation = Quaternion(0, 0, 0, 1)
bones/25/scale = Vector3(1, 1, 1)
bones/26/name = "LeftShoulder"
bones/26/parent = 22
bones/26/rest = Transform3D(0.061473474, 0.95533305, 0.2890665, 0.008687405, -0.29011542, 0.95695215, 0.9980707, -0.056315947, -0.026133772, 0.00088280044, 0.0028108156, 0.0006496107)
bones/26/enabled = true
bones/26/position = Vector3(0.0008828004, 0.0028108188, 0.0006496106)
bones/26/rotation = Quaternion(0.5976563, 0.39550754, 0.56564707, -0.40795112)
bones/26/scale = Vector3(0.99999976, 0.9999998, 0.9999998)
bones/27/name = "LeftArm"
bones/27/parent = 26
bones/27/rest = Transform3D(-0.0180279, 0.033957474, 0.9992606, 0.20456298, 0.978407, -0.029558241, -0.9786873, 0.20387888, -0.024585009, 2.309966e-11, 0.0025880134, 1.7392812e-09)
bones/27/enabled = true
bones/27/position = Vector3(0, 0.0025880144, -2.5695772e-09)
bones/27/rotation = Quaternion(-0.35961452, 0.6730304, -0.24033727, 0.59995455)
bones/27/scale = Vector3(1.0000006, 0.9999958, 1.0000069)
bones/28/name = "LeftForeArm"
bones/28/parent = 27
bones/28/rest = Transform3D(0.9996245, -0.009703749, 0.025626022, 0.01205553, 0.9955674, -0.09327502, -0.024607316, 0.09354893, 0.99531054, 3.0175349e-09, 0.0047077495, 3.667245e-12)
bones/28/enabled = true
bones/28/position = Vector3(-2.9962393e-09, 0.0047077495, 2.3283065e-11)
bones/28/rotation = Quaternion(0.3512148, -0.07305934, -0.07076998, 0.9307536)
bones/28/scale = Vector3(0.9999999, 0.99999994, 1)
bones/29/name = "LeftHand"
bones/29/parent = 28
bones/29/rest = Transform3D(-0.051403277, -0.009151198, 0.998636, -0.0678068, 0.99768203, 0.005652211, -0.99637324, -0.067423746, -0.051904555, -2.2979338e-10, 0.0052722776, -2.73538e-10)
bones/29/enabled = true
bones/29/position = Vector3(-2.5890767e-09, 0.005272277, -3.7252902e-11)
bones/29/rotation = Quaternion(-0.015085387, 0.72435945, -0.03158007, 0.6885336)
bones/29/scale = Vector3(0.9999999, 0.9999996, 0.9999999)
bones/30/name = "LeftHandIndex1"
bones/30/parent = 29
bones/30/rest = Transform3D(0.9879984, -0.009084486, -0.15419742, -0.008493069, 0.9935639, -0.11295359, 0.15423116, 0.11290756, 0.98156226, -8.494569e-11, 0.0013859974, 8.12405e-10)
bones/30/enabled = true
bones/30/position = Vector3(-4.656613e-11, 0.0013859979, -1.8742867e-09)
bones/30/rotation = Quaternion(0.056727383, -0.07746504, 0.00014853885, 0.9953799)
bones/30/scale = Vector3(0.99999994, 1, 0.9999999)
bones/31/name = "LeftHandIndex2"
bones/31/parent = 30
bones/31/rest = Transform3D(0.9910418, 0.012162512, 0.13299543, 0.009620329, 0.9867558, -0.16192721, -0.13320343, 0.16175613, 0.97779936, -2.0591533e-10, 0.0011282143, 1.0704047e-09)
bones/31/enabled = true
bones/31/position = Vector3(-1.11758706e-10, 0.0011282143, -7.3108825e-10)
bones/31/rotation = Quaternion(0.7716675, 0.046640478, 0.0019655565, 0.63431084)
bones/31/scale = Vector3(0.99999994, 1, 0.99999994)
bones/32/name = "LeftHandIndex3"
bones/32/parent = 31
bones/32/rest = Transform3D(0.9981351, -0.0036734059, -0.060935475, -0.000108145774, 0.99808, -0.06193922, 0.06104601, 0.0618303, 0.996218, 9.8001635e-11, 0.0010213043, -4.0792525e-09)
bones/32/enabled = true
bones/32/position = Vector3(3.7252902e-11, 0.0010213042, -3.4901313e-09)
bones/32/rotation = Quaternion(0.41093522, -0.027859284, 0.012505351, 0.911153)
bones/32/scale = Vector3(0.9999997, 1.0000004, 1)
bones/33/name = "LeftHandIndex3_end"
bones/33/parent = 32
bones/33/rest = Transform3D(1, 0, 0, 0, 1, 0, 0, 0, 1, 0, 0.0013049884, 0)
bones/33/enabled = true
bones/33/position = Vector3(0, 0.0013049884, 0)
bones/33/rotation = Quaternion(0, 0, 0, 1)
bones/33/scale = Vector3(1, 1, 1)
bones/34/name = "LeftHandThumb1"
bones/34/parent = 29
bones/34/rest = Transform3D(-0.19508526, -0.9048822, 0.3783254, 0.05702194, 0.3746201, 0.92542326, -0.9791271, 0.20210937, -0.021484733, -0.0006514835, 0.00050981116, 2.4456382e-05)
bones/34/enabled = true
bones/34/position = Vector3(-0.00065148337, 0.00050981034, 2.4453737e-05)
bones/34/rotation = Quaternion(-0.21306114, 0.69503915, 0.35843098, 0.5857071)
bones/34/scale = Vector3(1, 1, 1)
bones/35/name = "LeftHandThumb2"
bones/35/parent = 34
bones/35/rest = Transform3D(0.99960494, -0.013128513, -0.024850754, 0.002269005, 0.91900617, -0.3942365, 0.028013742, 0.3940244, 0.9186728, 1.1804046e-09, 0.0010586759, -6.1873215e-12)
bones/35/enabled = true
bones/35/position = Vector3(1.4901161e-10, 0.0010586779, -1.73226e-09)
bones/35/rotation = Quaternion(0.66064835, -0.07545568, 0.11935202, 0.737296)
bones/35/scale = Vector3(0.99999994, 1, 1)
bones/36/name = "LeftHandThumb2_end"
bones/36/parent = 35
bones/36/rest = Transform3D(1, 0, 0, 0, 1, 0, 0, 0, 1, 0, 0.0013225968, 0)
bones/36/enabled = true
bones/36/position = Vector3(0, 0.0013225968, 0)
bones/36/rotation = Quaternion(0, 0, 0, 1)
bones/36/scale = Vector3(1, 1, 1)
bones/37/name = "RightShoulder"
bones/37/parent = 22
bones/37/rest = Transform3D(0.061473846, -0.95533323, 0.28906628, -0.38146973, -0.29011524, -0.8776753, 0.9223349, -0.05631599, -0.3822652, -0.00088280055, 0.0028108158, 0.0006496107)
bones/37/enabled = true
bones/37/position = Vector3(-0.0008828006, 0.0028108188, 0.0006496106)
bones/37/rotation = Quaternion(0.67818654, -0.48571, 0.46352893, 0.29881394)
bones/37/scale = Vector3(1, 0.99999994, 1)
bones/38/name = "RightArm"
bones/38/parent = 37
bones/38/rest = Transform3D(-0.88356483, -0.051944207, -0.46541935, 0.048334446, 0.9784065, -0.20095688, 0.4658081, -0.20005408, -0.8619753, 2.8368188e-10, 0.0025880146, 1.0769576e-09)
bones/38/enabled = true
bones/38/position = Vector3(1.4901161e-10, 0.0025880141, -5.727634e-10)
bones/38/rotation = Quaternion(0.04729796, 0.9062558, 0.40121153, -0.12447049)
bones/38/scale = Vector3(1.0000069, 0.9999955, 1.0000013)
bones/39/name = "RightForeArm"
bones/39/parent = 38
bones/39/rest = Transform3D(0.995523, -0.094045244, -0.009455214, 0.094031245, 0.9955674, -0.0019145975, 0.00959336, 0.0010169403, 0.99995345, -3.3601932e-10, 0.004707748, -2.1783653e-09)
bones/39/enabled = true
bones/39/position = Vector3(-1.5366823e-10, 0.004707749, 2.4519977e-09)
bones/39/rotation = Quaternion(-0.067825556, -0.021080058, 0.35179538, 0.9333786)
bones/39/scale = Vector3(1, 0.99999994, 1.0000001)
bones/40/name = "RightHand"
bones/40/parent = 39
bones/40/rest = Transform3D(0.99781674, 0.06604171, 0.00012365692, -0.06603077, 0.99768233, -0.016420942, -0.0012078375, 0.016376927, 0.9998651, -8.8075026e-11, 0.0052722767, 5.6209504e-09)
bones/40/enabled = true
bones/40/position = Vector3(7.4505804e-11, 0.005272276, 9.033829e-10)
bones/40/rotation = Quaternion(-0.01081346, 0.10929441, -0.033285607, 0.9933932)
bones/40/scale = Vector3(0.99999994, 0.9999999, 0.9999999)
bones/41/name = "RightHandIndex1"
bones/41/parent = 40
bones/41/rest = Transform3D(0.98799896, 0.009084164, -0.15419465, 0.008493039, 0.993564, 0.11295337, 0.15422837, -0.11290738, 0.98156273, 2.0431089e-10, 0.001385999, -3.7073793e-09)
bones/41/enabled = true
bones/41/position = Vector3(2.7008354e-10, 0.0013859981, -1.1641532e-11)
bones/41/rotation = Quaternion(-0.056727264, -0.077463634, -0.00014847146, 0.99538004)
bones/41/scale = Vector3(1.0000001, 1, 1)
bones/42/name = "RightHandIndex2"
bones/42/parent = 41
bones/42/rest = Transform3D(0.9910421, -0.012162519, 0.13299362, -0.009619742, 0.98675627, 0.1619251, -0.13320169, -0.16175401, 0.97779995, -7.711977e-11, 0.0011282148, 3.5469891e-09)
bones/42/enabled = true
bones/42/position = Vector3(2.0489097e-10, 0.0011282125, -8.405186e-10)
bones/42/rotation = Quaternion(-0.74740034, 0.04220676, 0.007655531, 0.66298777)
bones/42/scale = Vector3(1, 0.99999994, 0.99999994)
bones/43/name = "RightHandIndex3"
bones/43/parent = 42
bones/43/rest = Transform3D(0.9981351, 0.0036735325, -0.060933013, 0.000108130625, 0.99807954, 0.06194357, 0.061043542, -0.061834626, 0.996218, 3.312202e-10, 0.0010213059, 7.9288276e-10)
bones/43/enabled = true
bones/43/position = Vector3(1.4901161e-10, 0.001021306, 1.3364478e-09)
bones/43/rotation = Quaternion(-0.4109373, -0.02785813, -0.012504919, 0.91115206)
bones/43/scale = Vector3(0.9999999, 0.9999998, 0.9999999)
bones/44/name = "RightHandIndex3_end"
bones/44/parent = 43
bones/44/rest = Transform3D(1, 0, 0, 0, 1, 0, 0, 0, 1, 0, 0.0013049883, 0)
bones/44/enabled = true
bones/44/position = Vector3(0, 0.0013049883, 0)
bones/44/rotation = Quaternion(0, 0, 0, 1)
bones/44/scale = Vector3(1, 1, 1)
bones/45/name = "RightHandThumb1"
bones/45/parent = 40
bones/45/rest = Transform3D(-0.43314302, -0.8609284, -0.26681435, -0.18494871, 0.37462112, -0.90854454, 0.8821459, -0.34418267, -0.3214922, -0.0006391926, 0.00050981296, -0.00012830603)
bones/45/enabled = true
bones/45/position = Vector3(-0.0006391924, 0.00050981186, -0.00012830083)
bones/45/rotation = Quaternion(-0.23101984, 0.80249286, -0.3471273, -0.4267759)
bones/45/scale = Vector3(1, 1, 0.99999994)
bones/46/name = "RightHandThumb2"
bones/46/parent = 45
bones/46/rest = Transform3D(0.9905763, -0.114874095, -0.07458157, 0.13447706, 0.9190066, 0.37059793, 0.025968853, -0.37713504, 0.92579424, 2.7374292e-09, 0.0010586764, -8.4586044e-10)
bones/46/enabled = true
bones/46/position = Vector3(2.9802322e-10, 0.001058677, -2.6077032e-10)
bones/46/rotation = Quaternion(-0.59514266, 0.04592186, 0.31065425, 0.7397232)
bones/46/scale = Vector3(0.9999999, 1, 1)
bones/47/name = "RightHandThumb2_end"
bones/47/parent = 46
bones/47/rest = Transform3D(1, 0, 0, 0, 1, 0, 0, 0, 1, 0, 0.0013225968, 0)
bones/47/enabled = true
bones/47/position = Vector3(0, 0.0013225968, 0)
bones/47/rotation = Quaternion(0, 0, 0, 1)
bones/47/scale = Vector3(1, 1, 1)
bones/48/name = "LeftUpLeg"
bones/48/parent = 19
bones/48/rest = Transform3D(0.98949665, 0.1376793, -0.04443225, 0.13916361, -0.9897473, 0.03217577, -0.039547365, -0.038020484, -0.9984956, 0.0020152912, 0.0005846335, 7.864534e-10)
bones/48/enabled = true
bones/48/position = Vector3(0.0020152912, 0.00058463303, 7.509206e-10)
bones/48/rotation = Quaternion(0.9965975, 0.06893324, -0.0027498724, 0.04510002)
bones/48/scale = Vector3(1.0000546, 1.0000013, 1.0000004)
bones/49/name = "LeftLeg"
bones/49/parent = 48
bones/49/rest = Transform3D(0.994241, -0.07715854, 0.07437271, 0.092041686, 0.97027236, -0.22382958, -0.054891422, 0.22938593, 0.9717865, -9.1716856e-11, 0.005261741, -1.08074045e-11)
bones/49/enabled = true
bones/49/position = Vector3(1.4901161e-10, 0.0052617406, 2.4447217e-11)
bones/49/rotation = Quaternion(0.34590968, 0.030500274, 0.12914042, 0.9288375)
bones/49/scale = Vector3(0.99999994, 0.9999999, 1)
bones/50/name = "LeftFoot"
bones/50/parent = 49
bones/50/rest = Transform3D(0.9883894, 0.15156616, -0.010680995, -0.04796508, 0.3779449, 0.9245847, 0.14417261, -0.91333735, 0.38082662, 1.2041389e-10, 0.0060881115, -1.166954e-10)
bones/50/enabled = true
bones/50/position = Vector3(-5.5879353e-11, 0.00608811, 1.8626452e-10)
bones/50/rotation = Quaternion(-0.66056764, -0.15921561, -0.15746933, 0.71659213)
bones/50/scale = Vector3(1.0000205, 0.9999836, 0.99999577)
bones/51/name = "LeftToes"
bones/51/parent = 50
bones/51/rest = Transform3D(-0.99161255, -0.0009690188, 0.12924191, -0.074520804, 0.8213022, -0.56560534, -0.10559859, -0.5704925, -0.8144858, 1.2129571e-10, 0.00301254, -4.5238144e-10)
bones/51/enabled = true
bones/51/position = Vector3(-6.402843e-11, 0.0030125394, -9.3132255e-12)
bones/51/rotation = Quaternion(0.0051941015, 0.7665527, -0.63890785, 0.0645515)
bones/51/scale = Vector3(1.0000001, 0.9999999, 1)
bones/52/name = "LeftToes_end"
bones/52/parent = 51
bones/52/rest = Transform3D(1, 0, 0, 0, 1, 0, 0, 0, 1, 0, 0.002132363, 0)
bones/52/enabled = true
bones/52/position = Vector3(0, 0.002132363, 0)
bones/52/rotation = Quaternion(0, 0, 0, 1)
bones/52/scale = Vector3(1, 1, 1)
bones/53/name = "RightUpLeg"
bones/53/parent = 19
bones/53/rest = Transform3D(0.98947537, -0.13767777, -0.04443911, -0.13571487, -0.98974705, 0.044520725, -0.050112788, -0.03802129, -0.99801934, -0.0020152912, 0.0005846335, 7.876892e-10)
bones/53/enabled = true
bones/53/position = Vector3(-0.002015291, 0.0005846331, 7.5209367e-10)
bones/53/rotation = Quaternion(0.9727346, -0.054327752, -0.1523046, 0.16625117)
bones/53/scale = Vector3(0.99999565, 1, 0.99999976)
bones/54/name = "RightLeg"
bones/54/parent = 53
bones/54/rest = Transform3D(0.99516904, 0.09741215, 0.012223114, -0.092226826, 0.9702722, -0.22375499, -0.033656202, 0.2215468, 0.9745687, 3.1712313e-10, 0.00526174, -8.230662e-11)
bones/54/enabled = true
bones/54/position = Vector3(-6.9849196e-11, 0.0052617406, -4.8312358e-11)
